loc	type	id	Sex	Omy301.1	Omy301.2	Ssa197.1	Ssa197.2	Ssa85.1	Ssa85.2	Sfo1.1	Sfo1.2	One9.1	One9.2	Ogo2.1	Ogo2.2	Str15.1	Str15.2	One13.1	One13.2
Hunt_Creek_Res	Adults	A2	F	100	100	129	133	113	115	119	123	200	202	228	236	219	225	195	207
Hunt_Creek_Res	Adults	A3	F	102	104	133	137	113	113	123	133	198	202	226	234	219	225	189	195
Hunt_Creek_Res	Adults	A4	F	100	102	133	137	109	113	123	135	186	202	226	226	219	225	195	199
Hunt_Creek_Res	Adults	A5	F	100	102	137	145	111	113	119	119	202	202	226	234	223	227	189	199
Hunt_Creek_Res	Adults	A8	F	102	102	129	133	115	119	119	123	186	202	226	234	219	225	195	195
Hunt_Creek_Res	Adults	A9	F	96	100	133	137	115	117	119	135	198	202	234	234	225	225	189	195
Hunt_Creek_Res	Adults	A10	F	96	100	133	133	111	117	119	123	202	202	234	236	219	225	195	199
Hunt_Creek_Res	Adults	A14	F	100	104	133	141	115	115	129	137	202	204	226	234	221	225	189	195
Hunt_Creek_Res	Adults	A15	F	100	102	129	145	115	115	119	119	202	202	234	236	219	219	189	195
Hunt_Creek_Res	Adults	A16	F	100	100	133	137	115	117	123	135	200	202	234	236	219	225	189	195
Hunt_Creek_Res	Adults	A18	F	100	100	129	133	115	117	129	135	202	202	226	236	221	225	189	189
Hunt_Creek_Res	Adults	A20	F	100	100	133	133	115	117	123	135	186	202	226	236	219	225	189	195
Hunt_Creek_Res	Adults	A21	F	100	100	129	129	115	115	123	135	202	202	226	236	221	225	189	207
Hunt_Creek_Res	Adults	A23	F	96	102	129	133	115	115	119	137	202	202	226	236	221	227	195	207
Hunt_Creek_Res	Adults	A25	F	100	102	133	133	115	117	119	123	186	202	226	234	219	225	189	189
Hunt_Creek_Res	Adults	A28	F	100	100	129	129	115	119	135	135	200	202	228	228	219	225	195	207
Hunt_Creek_Res	Adults	A30	F	100	100	133	137	115	115	123	133	202	204	226	236	225	225	189	189
Hunt_Creek_Res	Adults	A32	F	100	100	129	129	115	117	119	129	200	202	226	236	219	225	189	207
Hunt_Creek_Res	Adults	A38	F	102	106	129	137	111	117	119	123	186	202	234	236	219	225	195	199
Hunt_Creek_Res	Adults	A39	F	96	102	133	137	111	117	123	123	202	202	226	234	219	219	195	195
Houghton_Creek	Adults	B2	F	92	100	129	133	113	115	137	141	202	202	226	236	225	225	185	195
Houghton_Creek	Adults	B3	F	98	100	129	133	113	115	137	137	186	194	226	248	225	225	189	209
Houghton_Creek	Adults	B4	F	96	100	129	137	115	115	137	141	186	202	226	226	219	221	189	195
Houghton_Creek	Adults	B5	F	92	102	129	133	117	119	129	133	200	210	226	242	225	225	195	195
Houghton_Creek	Adults	B11	F	92	100	129	133	113	115	123	123	200	202	226	228	219	219	195	209
Houghton_Creek	Adults	B14	F	82	106	129	133	107	115	135	139	198	202	234	236	219	225	191	199
EB_AuSable	Adults	C2	F	100	104	133	141	111	117	119	135	202	202	228	234	219	221	189	199
EB_AuSable	Adults	C3	F	100	100	129	129	113	115	117	133	202	206	226	234	219	225	189	199
EB_AuSable	Adults	C6	F	100	104	133	141	115	115	119	119	200	202	230	234	225	225	199	199
EB_AuSable	Adults	C7	F	96	100	133	145	115	117	133	137	200	202	234	246	225	225	195	195
EB_AuSable	Adults	C8	F	76	100	129	137	119	119	123	133	202	206	226	234	223	225	189	195
EB_AuSable	Adults	C9	F	86	100	141	145	113	117	119	133	200	202	234	248	221	225	191	201
Gilchrist_Creek	Adults	D1	F	76	76	133	137	115	121	133	137	202	204	234	234	219	225	195	199
Gilchrist_Creek	Adults	D3	F	90	102	129	133	115	115	115	137	198	204	234	248	221	223	189	189
Gilchrist_Creek	Adults	D4	F	90	102	129	133	115	117	115	137	202	204	234	248	223	223	195	207
Gilchrist_Creek	Adults	D8	F	100	102	133	141	107	115	117	123	202	204	234	234	221	225	189	189
Gilchrist_Creek	Adults	D9	F	100	102	133	137	117	117	123	137	198	202	242	248	225	225	189	209
Gilchrist_Creek	Adults	D11	F	98	100	129	145	115	117	117	133	198	202	226	248	225	225	189	199
Gilchrist_Creek	Adults	D14	F	98	100	137	145	115	115	133	137	198	202	248	248	223	223	189	199
Hunt_Creek_Res	Adults	E1	F	100	108	137	149	115	117	133	137	202	202	226	234	223	225	199	207
Hunt_Creek_TrP	Adults	HCA-44	F	100	102	133	133	115	117	119	123	186	202	226	234	219	225	189	189
Hunt_Creek_TrP	Adults	HCA-46	F	100	100	129	133	115	117	135	135	202	202	226	236	221	225	189	189
Hunt_Creek_TrP	Adults	HCA-47	F	100	102	129	133	115	119	119	123	186	202	226	234	219	225	195	195
Hunt_Creek_TrP	Adults	HCA-49	F	100	100	133	137	115	117	123	135	200	202	236	236	219	225	189	195
Hunt_Creek_TrP	Adults	HCB-51	F	100	104	133	133	115	117	123	137	202	204	234	236	225	225	189	189
Hunt_Creek_TrP	Adults	HCB-52	F	100	104	133	133	115	117	123	135	202	206	234	236	225	225	189	189
Hunt_Creek_TrP	Adults	HCZ-19	F	100	100	133	137	115	115	123	135	202	206	226	236	225	225	189	189
Hunt_Creek_TrP	Adults	HCZ-21	F	100	102	137	145	113	115	119	119	202	202	226	234	223	227	189	199
Hunt_Creek_Res	Adults	A1	M	100	106	133	133	113	113	123	123	202	204	234	236	225	225	189	189
Hunt_Creek_Res	Adults	A6	M	100	106	133	133	113	115	119	135	186	202	236	236	221	225	189	195
Hunt_Creek_Res	Adults	A11	M	100	106	129	133	115	117	129	135	200	202	228	236	221	225	195	207
Hunt_Creek_Res	Adults	A12	M	100	106	133	133	115	115	123	135	200	202	236	236	221	225	189	207
Hunt_Creek_Res	Adults	A17	M	102	106	137	137	115	117	119	123	202	202	226	236	219	225	189	195
Hunt_Creek_Res	Adults	A19	M	100	106	133	137	115	115	123	135	202	202	226	236	223	225	189	195
Hunt_Creek_Res	Adults	A22	M	100	106	133	137	115	117	119	119	186	202	234	236	225	225	189	195
Hunt_Creek_Res	Adults	A24	M	100	100	129	133	115	117	119	135	202	202	228	236	223	225	195	195
Hunt_Creek_Res	Adults	A26	M	100	106	129	133	115	117	123	125	200	202	226	242	221	225	195	209
Hunt_Creek_Res	Adults	A27	M	96	102	129	133	115	117	117	123	202	202	226	234	223	225	199	207
Hunt_Creek_Res	Adults	A29	M	104	106	133	133	115	115	123	137	202	206	226	236	225	225	189	189
Hunt_Creek_Res	Adults	A31	M	100	106	129	133	115	117	0	0	200	202	226	228	221	225	189	189
Hunt_Creek_Res	Adults	A34	M	100	106	129	133	115	117	133	135	202	202	228	228	221	225	189	207
Hunt_Creek_Res	Adults	A35	M	100	106	129	133	115	117	123	123	202	204	234	236	225	225	189	189
Hunt_Creek_Res	Adults	A36	M	98	100	129	129	115	115	129	135	200	202	226	236	221	225	189	207
Houghton_Creek	Adults	B1	M	82	100	129	133	115	117	117	123	200	210	226	228	225	225	195	207
Houghton_Creek	Adults	B6	M	102	126	133	137	107	111	115	119	202	210	226	242	225	225	189	195
Houghton_Creek	Adults	B8	M	88	100	133	161	115	117	131	131	194	210	234	242	225	225	185	185
Houghton_Creek	Adults	B9	M	100	102	129	133	111	115	123	131	194	202	228	236	223	225	189	195
Houghton_Creek	Adults	B10	M	86	108	129	161	115	117	131	141	202	208	228	230	223	225	189	189
Houghton_Creek	Adults	B13	M	92	126	125	129	117	119	129	137	194	208	234	248	225	225	189	207
EB_AuSable	Adults	C1	M	100	106	137	145	113	119	123	139	202	210	226	228	225	225	185	185
EB_AuSable	Adults	C4	M	88	96	129	129	115	115	129	133	186	202	226	228	219	219	185	201
EB_AuSable	Adults	C5	M	86	106	129	145	111	113	119	133	186	202	226	230	219	221	199	201
EB_AuSable	Adults	C10	M	100	106	133	133	113	115	119	119	186	202	226	242	219	225	189	195
EB_AuSable	Adults	C11	M	104	126	133	137	115	117	119	123	200	202	234	242	221	225	189	195
EB_AuSable	Adults	C12	M	96	104	133	137	113	117	123	129	186	202	234	248	219	223	195	199
EB_AuSable	Adults	C13	M	86	96	137	137	107	115	119	123	200	202	226	234	221	225	195	209
EB_AuSable	Adults	C14	M	96	106	133	133	113	115	123	135	200	202	226	230	219	225	195	209
Gilchrist_Creek	Adults	D2	M	76	102	129	133	111	115	129	137	200	202	242	242	225	225	189	207
Gilchrist_Creek	Adults	D5	M	96	102	129	133	107	117	115	137	198	204	248	248	223	223	189	189
Gilchrist_Creek	Adults	D6	M	96	102	129	133	107	117	115	137	202	204	226	248	221	223	189	189
Gilchrist_Creek	Adults	D10	M	102	102	133	137	111	117	133	133	204	204	238	248	219	223	189	209
Gilchrist_Creek	Adults	D12	M	96	102	125	129	107	115	137	137	186	202	234	248	219	225	189	207
Gilchrist_Creek	Adults	D13	M	82	104	129	133	117	117	133	137	198	202	234	248	223	225	199	209
Hunt_Creek_Res	Adults	E2	M	100	100	129	133	115	115	117	135	186	202	226	236	225	225	195	199
Hunt_Creek_TrP	Adults	HCA-45	M	100	106	133	137	117	117	123	135	202	202	234	234	225	225	195	195
Hunt_Creek_TrP	Adults	HCA-48	M	82	102	133	133	113	115	117	137	186	202	226	234	221	225	195	207
Hunt_Creek_TrP	Adults	HCA-50	M	104	106	133	133	115	117	123	137	202	206	226	236	225	225	189	189
Hunt_Creek_TrP	Adults	HCA-51	M	82	96	129	133	113	115	117	137	202	202	226	236	223	225	195	195
Hunt_Creek_TrP	Adults	HCB-49	M	100	106	129	129	115	117	119	129	200	202	226	228	221	225	189	189
Hunt_Creek_TrP	Adults	HCB-50	M	100	106	129	133	115	119	119	135	186	200	226	236	221	225	189	195
Hunt_Creek_TrP	Adults	HCB-53	M	104	106	133	133	115	115	123	135	202	206	234	236	225	225	189	189
Hunt_Creek_TrP	Adults	HCZ-20	M	96	102	129	133	115	115	119	135	202	202	226	236	219	221	195	195
Hunt_Creek_Off	Offspring	HCA-1	NA	106	108	133	133	115	117	119	123	202	204	234	236	225	225	195	195
Hunt_Creek_Res	Adults	A7	UK	100	100	129	133	115	119	125	135	202	202	226	228	221	225	199	207
Hunt_Creek_Res	Adults	A13	UK	96	102	129	133	115	115	119	135	202	202	226	236	219	221	195	195
Hunt_Creek_Res	Adults	A33	UK	100	106	133	137	115	117	123	135	202	204	234	236	225	225	189	189
Hunt_Creek_Res	Adults	A37	UK	102	106	129	137	115	117	119	123	202	202	226	236	219	225	195	199
Houghton_Creek	Adults	B7	UK	100	102	129	129	115	115	119	141	210	210	226	234	219	225	189	195
Houghton_Creek	Adults	B12	UK	100	100	129	141	115	115	123	123	186	202	226	226	219	225	189	195
Gilchrist_Creek	Adults	D7	UK	100	102	129	133	111	117	123	135	186	200	236	248	225	225	199	207
Hunt_Creek_Off	Offspring	HCA-10	NA	102	108	133	137	115	117	119	123	202	204	226	236	221	225	195	195
Hunt_Creek_Off	Offspring	HCA-11	NA	90	102	133	137	111	117	115	119	202	204	226	234	223	225	189	209
Hunt_Creek_Off	Offspring	HCA-12	NA	100	102	129	137	111	115	117	119	202	210	226	228	223	225	189	189
Hunt_Creek_Off	Offspring	HCA-13	NA	102	124	133	133	107	115	119	137	204	210	242	248	223	225	195	195
Hunt_Creek_Off	Offspring	HCA-14	NA	100	106	129	133	113	113	117	133	202	206	226	242	219	225	0	0
Hunt_Creek_Off	Offspring	HCA-15	NA	102	106	129	133	115	115	117	119	202	202	226	242	225	225	189	195
Hunt_Creek_Off	Offspring	HCA-16	NA	90	124	133	133	111	117	115	119	202	204	242	248	223	225	189	195
Hunt_Creek_Off	Offspring	HCA-17	NA	82	92	133	133	115	117	117	117	202	210	228	236	225	225	195	195
Hunt_Creek_Off	Offspring	HCA-18	NA	100	104	133	133	115	119	123	135	198	202	236	236	225	225	189	189
Hunt_Creek_Off	Offspring	HCA-19	NA	102	104	129	137	115	115	123	123	202	204	226	236	221	227	189	195
Hunt_Creek_Off	Offspring	HCA-2	NA	82	104	129	129	115	115	123	137	202	204	236	248	225	225	189	189
Hunt_Creek_Off	Offspring	HCA-20	NA	76	100	133	137	113	113	119	123	186	206	226	242	219	223	189	195
Hunt_Creek_Off	Offspring	HCA-21	NA	90	124	133	133	107	115	117	117	202	202	226	248	223	225	195	195
Hunt_Creek_Off	Offspring	HCA-22	NA	102	102	133	137	111	117	115	117	202	204	242	248	223	225	189	195
Hunt_Creek_Off	Offspring	HCA-23	NA	102	106	133	133	115	117	115	119	186	202	242	248	219	223	189	195
Hunt_Creek_Off	Offspring	HCA-24	NA	100	108	129	133	115	117	123	137	202	204	236	248	225	227	195	195
Hunt_Creek_Off	Offspring	HCA-25	NA	96	100	133	137	115	115	117	123	186	202	226	242	225	225	195	195
Hunt_Creek_Off	Offspring	HCA-26	NA	96	106	133	137	115	117	117	123	202	202	242	242	219	225	195	195
Hunt_Creek_Off	Offspring	HCA-27	NA	102	108	129	137	115	115	123	123	202	204	234	236	225	227	195	195
Hunt_Creek_Off	Offspring	HCA-28	NA	102	104	129	137	115	115	119	137	202	204	234	236	225	225	189	199
Hunt_Creek_Off	Offspring	HCA-29	NA	102	124	133	137	111	117	117	137	204	210	226	234	223	225	195	195
Hunt_Creek_Off	Offspring	HCA-3	NA	106	108	133	133	115	117	123	123	204	204	226	236	221	227	189	199
Hunt_Creek_Off	Offspring	HCA-30	NA	96	100	133	137	113	115	117	117	186	208	226	236	225	225	189	195
Hunt_Creek_Off	Offspring	HCA-31	NA	100	124	133	137	111	115	119	141	202	202	226	236	225	225	189	195
Hunt_Creek_Off	Offspring	HCA-32	NA	90	102	133	137	107	117	115	117	202	204	242	248	223	225	189	195
Hunt_Creek_Off	Offspring	HCA-33	NA	100	100	129	133	113	113	119	123	186	206	226	242	219	223	189	195
Hunt_Creek_Off	Offspring	HCA-34	NA	100	102	137	145	107	117	119	133	202	202	242	246	225	225	195	195
Hunt_Creek_Off	Offspring	HCA-35	NA	100	102	133	133	107	115	115	117	204	210	226	246	223	225	195	195
Hunt_Creek_Off	Offspring	HCA-36	NA	100	102	129	133	117	119	119	123	202	202	228	234	221	225	189	195
Hunt_Creek_Off	Offspring	HCA-37	NA	96	100	133	137	113	117	117	123	202	208	226	236	225	225	189	195
Hunt_Creek_Off	Offspring	HCA-38	NA	104	104	129	129	117	117	119	137	202	204	234	236	219	227	189	189
Hunt_Creek_Off	Offspring	HCA-39	NA	96	102	133	137	107	117	117	137	202	210	242	246	225	225	189	195
Hunt_Creek_Off	Offspring	HCA-4	NA	104	106	129	133	115	117	119	123	202	208	234	236	225	227	195	195
Hunt_Creek_Off	Offspring	HCA-40	NA	100	100	129	133	113	113	119	123	202	206	226	242	219	225	189	189
Hunt_Creek_Off	Offspring	HCA-41	NA	76	106	133	137	113	119	117	123	202	202	226	242	219	223	189	195
Hunt_Creek_Off	Offspring	HCA-42	NA	102	108	129	137	115	115	119	123	202	208	226	236	221	225	189	199
Hunt_Creek_Off	Offspring	HCA-43	NA	102	104	129	137	115	117	119	137	202	208	226	236	221	225	195	199
Hunt_Creek_Off	Offspring	HCA-5	NA	100	102	133	145	111	115	117	137	202	210	226	246	225	225	189	195
Hunt_Creek_Off	Offspring	HCA-6	NA	102	106	129	133	115	115	119	123	186	208	226	242	225	225	195	195
Hunt_Creek_Off	Offspring	HCA-7	NA	92	106	133	133	113	115	117	141	202	202	226	236	225	225	189	195
Hunt_Creek_Off	Offspring	HCA-8	NA	96	104	129	129	115	117	123	123	202	204	236	236	225	227	195	209
Hunt_Creek_Off	Offspring	HCA-9	NA	102	108	133	137	117	117	119	123	202	208	226	236	221	227	195	199
Hunt_Creek_Off	Offspring	HCB-1	NA	102	104	129	137	117	117	119	137	202	204	226	236	221	227	189	199
Hunt_Creek_Off	Offspring	HCB-10	NA	96	100	133	137	113	117	117	119	202	208	242	242	219	225	189	195
Hunt_Creek_Off	Offspring	HCB-11	NA	100	100	129	137	115	117	123	137	202	202	234	236	219	219	189	195
Hunt_Creek_Off	Offspring	HCB-12	NA	100	104	133	133	115	115	123	137	202	202	234	234	225	225	189	189
Hunt_Creek_Off	Offspring	HCB-13	NA	102	102	133	137	111	117	133	135	186	204	238	248	219	225	189	199
Hunt_Creek_Off	Offspring	HCB-14	NA	102	106	129	133	115	115	117	117	186	202	226	242	225	225	189	195
Hunt_Creek_Off	Offspring	HCB-15	NA	92	106	129	133	115	117	133	135	200	202	226	226	223	225	195	195
Hunt_Creek_Off	Offspring	HCB-16	NA	102	102	133	137	107	115	119	137	204	210	234	242	223	225	189	195
Hunt_Creek_Off	Offspring	HCB-17	NA	96	102	133	137	115	119	123	123	202	204	226	234	219	225	189	195
Hunt_Creek_Off	Offspring	HCB-18	NA	102	106	129	133	115	119	119	131	186	200	226	236	225	225	195	195
Hunt_Creek_Off	Offspring	HCB-19	NA	76	100	133	137	113	119	117	133	202	202	226	234	225	225	189	189
Hunt_Creek_Off	Offspring	HCB-2	NA	100	100	129	133	113	119	117	133	186	202	226	226	223	225	189	195
Hunt_Creek_Off	Offspring	HCB-20	NA	96	100	133	133	115	119	123	133	202	202	226	228	225	225	189	195
Hunt_Creek_Off	Offspring	HCB-21	NA	96	100	133	133	115	119	135	137	202	202	228	236	221	225	195	195
Hunt_Creek_Off	Offspring	HCB-22	NA	100	100	129	133	115	119	117	123	202	206	226	234	225	225	189	195
Hunt_Creek_Off	Offspring	HCB-23	NA	92	102	133	133	111	115	119	141	202	202	226	236	225	225	185	195
Hunt_Creek_Off	Offspring	HCB-24	NA	82	108	129	133	115	115	123	137	202	208	236	248	225	225	195	195
Hunt_Creek_Off	Offspring	HCB-25	NA	90	102	133	137	111	117	115	117	204	210	226	248	223	225	189	195
Hunt_Creek_Off	Offspring	HCB-26	NA	100	106	129	133	113	113	117	133	202	206	226	234	225	225	195	195
Hunt_Creek_Off	Offspring	HCB-27	NA	100	102	129	133	113	115	117	119	202	202	242	242	219	225	189	195
Hunt_Creek_Off	Offspring	HCB-28	NA	102	104	129	137	115	117	123	137	202	208	226	236	221	225	189	199
Hunt_Creek_Off	Offspring	HCB-29	NA	90	100	133	133	113	115	117	137	186	204	226	234	223	225	189	207
Hunt_Creek_Off	Offspring	HCB-3	NA	100	106	129	129	115	117	135	135	202	202	226	228	219	225	189	207
Hunt_Creek_Off	Offspring	HCB-30	NA	102	104	129	137	115	117	119	123	202	204	226	236	221	225	195	195
Hunt_Creek_Off	Offspring	HCB-31	NA	100	100	133	133	115	115	123	137	194	202	226	236	223	225	195	209
Hunt_Creek_Off	Offspring	HCB-32	NA	102	108	129	133	117	117	119	123	202	208	226	236	223	227	195	207
Hunt_Creek_Off	Offspring	HCB-33	NA	76	100	133	137	113	119	117	123	202	202	226	242	219	223	195	195
Hunt_Creek_Off	Offspring	HCB-34	NA	76	106	133	137	115	115	119	133	202	202	234	242	219	225	189	189
Hunt_Creek_Off	Offspring	HCB-35	NA	76	100	133	137	113	119	119	123	202	206	226	234	223	225	189	195
Hunt_Creek_Off	Offspring	HCB-36	NA	96	104	133	133	115	115	123	135	198	202	234	236	225	225	189	195
Hunt_Creek_Off	Offspring	HCB-37	NA	82	104	129	137	117	117	123	137	202	208	234	236	219	227	195	195
Hunt_Creek_Off	Offspring	HCB-38	NA	106	108	129	133	117	117	119	123	202	204	226	236	221	225	189	199
Hunt_Creek_Off	Offspring	HCB-39	NA	100	102	129	133	115	117	131	133	194	200	228	242	225	225	189	195
Hunt_Creek_Off	Offspring	HCB-4	NA	100	102	129	133	115	119	123	123	202	202	226	236	219	225	189	195
Hunt_Creek_Off	Offspring	HCB-40	NA	100	102	133	133	115	117	131	135	186	210	226	226	225	225	195	195
Hunt_Creek_Off	Offspring	HCB-41	NA	92	102	129	133	115	117	131	131	200	202	236	242	223	225	189	195
Hunt_Creek_Off	Offspring	HCB-42	NA	96	100	133	133	115	115	119	135	198	204	234	234	225	225	189	195
Hunt_Creek_Off	Offspring	HCB-43	NA	102	106	129	133	115	117	119	123	202	202	226	242	225	225	195	195
Hunt_Creek_Off	Offspring	HCB-44	NA	100	102	133	133	115	117	115	117	202	204	234	242	219	223	195	195
Hunt_Creek_Off	Offspring	HCB-45	NA	100	102	133	137	115	117	117	117	202	202	226	236	225	225	191	195
Hunt_Creek_Off	Offspring	HCB-46	NA	100	100	129	133	115	119	117	123	186	202	226	226	225	225	195	195
Hunt_Creek_Off	Offspring	HCB-47	NA	76	106	133	137	117	119	117	123	186	202	234	242	219	225	189	195
Hunt_Creek_Off	Offspring	HCB-48	NA	96	96	133	133	115	119	121	123	202	202	226	234	223	225	189	195
Hunt_Creek_Off	Offspring	HCB-5	NA	100	100	133	137	115	119	123	133	202	202	234	236	225	225	189	189
Hunt_Creek_Off	Offspring	HCB-6	NA	76	106	133	137	115	115	119	123	202	206	226	242	219	223	189	195
Hunt_Creek_Off	Offspring	HCB-7	NA	96	100	133	133	117	119	123	135	198	204	234	236	225	225	189	195
Hunt_Creek_Off	Offspring	HCB-8	NA	108	106	129	137	117	117	119	123	202	204	234	236	225	225	189	195
Hunt_Creek_Off	Offspring	HCB-9	NA	76	100	137	137	115	115	119	137	198	202	234	236	219	219	189	195
Hunt_Creek_Off	Offspring	HCZ-1	NA	106	108	129	133	115	115	123	123	202	204	226	236	221	227	195	195
Hunt_Creek_Off	Offspring	HCZ-10	NA	76	100	129	137	115	115	123	137	202	202	234	236	219	219	189	189
Hunt_Creek_Off	Offspring	HCZ-11	NA	100	102	133	137	111	115	115	119	202	202	234	242	223	225	195	207
Hunt_Creek_Off	Offspring	HCZ-12	NA	100	102	133	137	111	115	117	137	202	210	236	242	225	225	185	195
Hunt_Creek_Off	Offspring	HCZ-13	NA	100	102	129	133	115	117	117	117	202	202	242	242	219	225	195	195
Hunt_Creek_Off	Offspring	HCZ-14	NA	106	108	133	133	115	115	119	137	202	204	234	236	225	227	189	199
Hunt_Creek_Off	Offspring	HCZ-15	NA	102	106	129	133	113	115	119	123	186	208	226	236	225	225	189	195
Hunt_Creek_Off	Offspring	HCZ-16	NA	82	100	133	133	115	117	123	137	200	202	226	236	225	225	195	207
Hunt_Creek_Off	Offspring	HCZ-17	NA	100	102	133	137	111	115	117	135	186	202	226	226	219	225	189	189
Hunt_Creek_Off	Offspring	HCZ-18	NA	102	124	133	133	107	115	117	137	202	202	234	242	223	225	195	195
Hunt_Creek_Off	Offspring	HCZ-2	NA	90	124	133	133	107	115	117	137	204	210	226	248	223	225	195	207
Hunt_Creek_Off	Offspring	HCZ-3	NA	102	108	133	137	117	117	119	123	202	204	234	236	225	225	189	199
Hunt_Creek_Off	Offspring	HCZ-4	NA	106	108	133	133	115	115	119	137	202	204	226	236	221	227	189	199
Hunt_Creek_Off	Offspring	HCZ-5	NA	102	108	133	137	115	117	123	123	202	208	234	236	225	227	195	199
Hunt_Creek_Off	Offspring	HCZ-6	NA	90	124	133	133	111	115	119	137	202	204	226	234	223	225	195	207
Hunt_Creek_Off	Offspring	HCZ-7	NA	104	102	129	137	115	117	119	137	202	204	226	236	221	225	195	199
Hunt_Creek_Off	Offspring	HCZ-8	NA	90	106	133	133	115	117	119	137	186	204	226	248	223	225	189	195
Hunt_Creek_Off	Offspring	HCZ-9	NA	100	106	133	133	115	115	119	137	202	202	226	236	225	225	195	195
